-1 2 0 -10 -10
-1 3 0 -11 -11
-1 4 0 -12 -12
-1 5 0 -13 -13
-1 6 0 -15 -15
-1 7 0 -18 -18
-1 10 0 -24 -24
-1 11 3 -27 -24
-1 12 0 -26 -26
-1 13 0 -30 -30
-1 15 0 -33 -33
-1 16 0 -37 -37
-1 17 0 -41 -41
-1 18 0 -44 -44
-1 19 0 -46 -46
-1 20 0 -47 -47
-1 21 0 -52 -52
-1 22 0 -54 -54
-1 24 0 -61 -61
-1 25 0 -65 -65
-1 26 0 -67 -67
-1 27 0 -68 -68
-1 28 0 -70 -70
-1 29 0 -75 -75
-1 30 0 -75 -75
-1 31 0 -80 -80
-1 32 0 -81 -81
-1 33 0 -81 -81
-1 34 0 -83 -83
-1 35 0 -87 -87
-1 36 0 -90 -90
-1 37 0 -94 -94
-1 38 0 -95 -95
-1 39 0 -99 -99
-1 40 0 -100 -100
-1 41 0 -101 -101
-1 42 0 -105 -105
-1 43 0 -108 -108
-1 44 0 -109 -109
-1 45 -113 0 -113
-1 46 1 -115 -114
-1 47 0 -118 -118
-1 48 0 -119 -119
-1 49 -124 0 -124
-1 50 -127 0 -127
-1 51 -132 0 -132
-1 52 -137 0 -137
-1 53 -138 0 -138
-1 54 -143 0 -143
-1 55 -146 0 -146
-1 56 -148 0 -148
-1 57 -151 0 -151
-1 58 -152 0 -152
-1 59 -156 0 -156
-1 60 -159 0 -159
-1 61 -163 0 -163
-1 62 -163 0 -163
-1 63 -165 0 -165
-1 64 -170 0 -170
-1 65 -174 0 -174
-1 66 -175 0 -175
-1 67 -175 0 -175
-1 68 -175 0 -175
-1 69 -175 0 -175
-1 70 -179 0 -179
-1 71 -184 0 -184
-1 72 -188 0 -188
-1 73 -190 0 -190
-1 74 -192 0 -192
-1 75 -195 0 -195
-1 76 -198 0 -198
-1 77 -202 0 -202
-1 78 -206 0 -206
-1 79 -207 0 -207
-1 80 -211 0 -211
-1 81 -212 0 -212
-1 82 -217 0 -217
-1 83 -221 0 -221
-1 84 -226 0 -226
-1 85 -227 0 -227
-1 86 -227 0 -227
-1 87 -230 0 -230
-1 88 -230 0 -230
-1 89 -233 0 -233
-1 90 -234 0 -234
-1 91 -235 0 -235
-1 92 -237 0 -237
-1 93 -242 0 -242
-1 94 -246 0 -246
-1 95 -247 0 -247
-1 96 -247 0 -247
-1 97 -250 0 -250
-1 98 -250 0 -250
-1 99 -252 0 -252
-1 100 -253 0 -253
24 1 0 19 19
48 8 0 29 29
49 9 0 26 26
81 14 0 51 51
81 23 0 26 26
56.9573 50.2275 52.2958 56.2145 
3 5 3 30 
LOSS
5
95
0
30.2
